3
+1序号/dengzheba 名字/*2模式$4360得分@4关卡/地图>3难度
&snake:270方向,555,223,555,209,555,195,555,181,555,167
&fruit:,84,401,366,118,23,150,15,296,716,565,32,587,300,157,60,541,20,534,77,215
&bomb:,423,424,314,551,528,95,82,365,73,110,569,548,119,133,221,559,114,374,172,267
&poison:,56,255,10,376,86,139,790,122,195,294,380,215,770,419,776,363,248,87,66,317
&herb:
-127.645256commonT-26667PoisonTimer-0HerbTimer-0ai-
+2序号/zhanyi名字/*1模式$23119得分@3关卡/地图>3难度
&snake:210方向,344,384
&fruit:,34,582,742,395,266,204,614,263,41,457,384,479,582,546,380,576,478,530,655,460
&bomb:,304,112,752,55,436,54,294,373,171,557,699,257,318,582,466,38,634,36,432,568
&poison:
&herb:
-149.769165commonT-10447PoisonTimer-0HerbTimer-0ai-
+3序号/dd名字/*1模式$42613得分@5关卡/地图>3难度
&snake:330方向,656,251
&fruit:,261,275,137,481,715,57,493,536,794,255,555,100,786,114,100,285,216,162,380,258
&bomb:,175,572,511,195,487,561,155,497,214,35,189,475,621,48,464,120,156,183,200,354
&poison:
&herb:
-149.692322commonT-10596PoisonTimer-0HerbTimer-0ai-