$1.1@600,100,90@0,290,0,600,380,600,380,290;

$2.0@30,30,0@0,100,0,130,450,130,450,100;340,290,340,600,370,600,370,290;530,270,530,300,800,300,800,270;

$3.1@370,370,210@100,130,100,160,660,160,660,130;110,240,110,520,140,520,140,240;310,240,310,300,340,300,340,240;310,300,310,330,450,330,450,300;420,330,420,410,450,410,450,330;450,380,450,410,590,410,590,380;560,410,560,510,590,510,590,410;590,480,590,510,690,510,690,480;

$4.0@20,20,330@210,0,210,130,240,130,240,0;0,160,0,190,140,190,140,160;0,410,0,440,140,440,140,410;260,300,260,600,290,600,290,300;370,450,370,480,800,480,800,450;600,210,600,240,800,240,800,210;480,0,480,340,510,340,510,0;

$5.1@620,230,330@230,0,230,260,260,260,260,0;340,220,340,420,370,420,370,220;370,220,370,250,590,250,590,220;520,330,520,360,800,360,800,330;0,420,0,450,630,450,630,420;

$6.0@20,20,330@0,100,0,130,370,130,370,100;380,170,380,200,800,200,800,170;0,290,0,320,430,320,430,290;380,390,380,420,800,420,800,390;190,480,190,600,220,600,220,480;

$7.0@20,20,330@260,0,260,330,290,330,290,0;0,420,0,450,420,450,420,420;510,260,510,600,540,600,540,260;400,120,400,150,800,150,800,120;

$8.1@400,300,180@175,70,175,95,385,95,385,70;175,95,175,310,205,310,205,95;175,360,175,520,205,520,205,360;205,490,205,520,485,520,485,490;535,490,535,520,575,520,575,490;575,210,575,520,605,520,605,210;575,95,575,145,605,145,605,95;435,70,435,95,605,95,605,70;250,180,250,210,490,210,490,180;250,240,250,400,280,400,280,240;330,360,330,400,480,400,480,360;440,210,440,330,480,330,480,210;

$9.1@20,20,270@120,0,120,400,150,400,150,0;120,470,120,600,150,600,150,470;250,0,250,200,280,200,280,0;250,270,250,600,280,600,280,270;
380,0,380,100,410,100,410,0;380,170,380,600,410,600,410,170;510,0,510,300,540,300,540,0;510,370,510,600,540,600,540,370;
650,0,650,200,680,200,680,0;650,280,650,600,680,600,680,280;

$